16
27.365531 8.654859 -24.850071 0.093709 0.046356 0.004801 2.249174 9.103249 208 60 58
2.870288 -14.803883 -10.232033 0.092550 0.007028 0.045595 2.209859 2.002880 126 62 245
-24.101608 -4.426579 -21.836589 0.098523 0.045722 0.089401 3.644947 2.744137 138 175 235
7.575698 7.330018 -7.066535 0.067427 0.007200 0.029255 2.441553 3.098172 133 9 144
21.015856 27.698855 8.001925 0.030621 0.040362 0.083365 4.003887 6.458939 203 230 18
25.827467 23.059121 1.760005 0.082447 0.061331 0.080375 1.824490 2.983895 184 253 235
-23.722031 9.925907 29.553492 0.039718 0.015374 0.030238 4.589901 1.898912 221 196 38
-0.070397 -25.532681 3.309488 0.033248 0.087523 0.020105 0.634405 7.743167 69 14 168
18.150180 22.908438 -13.683397 0.060625 0.024671 0.057033 1.643292 2.378649 125 110 231
-0.993146 19.828406 -26.577656 0.078582 0.074845 0.024693 3.256422 5.166982 102 38 151
27.217626 -1.044532 -2.016823 0.015468 0.060947 0.024070 2.139243 6.668110 230 58 140
-19.723095 20.196106 17.719413 0.074161 0.016526 0.003319 1.162520 5.985516 239 183 109
29.611449 0.106476 -19.351280 0.024045 0.015306 0.069418 3.194617 3.031699 73 151 201
15.103002 14.833775 -6.286007 0.099242 0.017508 0.006204 4.458790 4.054300 156 16 61
-5.640839 18.279266 -5.562481 0.043917 0.003716 0.000584 1.878298 7.531100 111 94 65
6.740831 6.578284 -5.523388 0.030652 0.024856 0.071111 2.959273 8.411119 127 87 150
